set X1 := 1 2;
set X2 := 1 2 3;
set Y := 1;
set M1 := 1 2;
set M2 := 3 4 5;

param cx :=
    1 1 3   1 2 3   1 3 1
    2 1 8   2 2 1   2 3 4;

param cy := 1 1;

param A11 :=
    1 1 1 1     1 1 2 1     1 1 3 1
    1 2 1 0     1 2 2 0     1 2 3 0
    2 1 1 0     2 1 2 0     2 1 3 0
    2 2 1 1     2 2 2 1     2 2 3 1;

param A12 :=
    1 1 1
    2 1 0;

param A3 :=
    3 1 1 1     3 1 2 0     3 1 3 0     
    3 2 1 1     3 2 2 0     3 2 3 0
    4 1 1 0     4 1 2 1     4 1 3 0
    4 2 1 0     4 2 2 1     4 2 3 0
    5 1 1 0     5 1 2 0     5 1 3 1     
    5 2 1 0     5 2 2 0     5 2 3 1;

param b1 :=
    1 80
    2 60;

param b2 :=
    3 120
    4 30
    5 10;
